version https://git-lfs.github.com/spec/v1
oid sha256:ccd29d658bfd45d09f04024d69e0b5d28fe5d840913564eec58ccdbb0f4d48cf
size 26288670
